1024
1536
1280
1792
1152
1664
1408
1920
1088
1600
1344
1856
1216
1728
1472
1984
1056
1568
1312
1824
1184
1696
1440
1952
1120
1632
1376
1888
1248
1760
1504
2016
1040
1552
1296
1808
1168
1680
1424
1936
1104
1616
1360
1872
1232
1744
1488
2000
1072
1584
1328
1840
1200
1712
1456
1968
1136
1648
1392
1904
1264
1776
1520
2032
1032
1544
1288
1800
1160
1672
1416
1928
1096
1608
1352
1864
1224
1736
1480
1992
1064
1576
1320
1832
1192
1704
1448
1960
1128
1640
1384
1896
1256
1768
1512
2024
1048
1560
1304
1816
1176
1688
1432
1944
1112
1624
1368
1880
1240
1752
1496
2008
1080
1592
1336
1848
1208
1720
1464
1976
1144
1656
1400
1912
1272
1784
1528
2040
1028
1540
1284
1796
1156
1668
1412
1924
1092
1604
1348
1860
1220
1732
1476
1988
1060
1572
1316
1828
1188
1700
1444
1956
1124
1636
1380
1892
1252
1764
1508
2020
1044
1556
1300
1812
1172
1684
1428
1940
1108
1620
1364
1876
1236
1748
1492
2004
1076
1588
1332
1844
1204
1716
1460
1972
1140
1652
1396
1908
1268
1780
1524
2036
1036
1548
1292
1804
1164
1676
1420
1932
1100
1612
1356
1868
1228
1740
1484
1996
1068
1580
1324
1836
1196
1708
1452
1964
1132
1644
1388
1900
1260
1772
1516
2028
1052
1564
1308
1820
1180
1692
1436
1948
1116
1628
1372
1884
1244
1756
1500
2012
1084
1596
1340
1852
1212
1724
1468
1980
1148
1660
1404
1916
1276
1788
1532
2044
1026
1538
1282
1794
1154
1666
1410
1922
1090
1602
1346
1858
1218
1730
1474
1986
1058
1570
1314
1826
1186
1698
1442
1954
1122
1634
1378
1890
1250
1762
1506
2018
1042
1554
1298
1810
1170
1682
1426
1938
1106
1618
1362
1874
1234
1746
1490
2002
1074
1586
1330
1842
1202
1714
1458
1970
1138
1650
1394
1906
1266
1778
1522
2034
1034
1546
1290
1802
1162
1674
1418
1930
1098
1610
1354
1866
1226
1738
1482
1994
1066
1578
1322
1834
1194
1706
1450
1962
1130
1642
1386
1898
1258
1770
1514
2026
1050
1562
1306
1818
1178
1690
1434
1946
1114
1626
1370
1882
1242
1754
1498
2010
1082
1594
1338
1850
1210
1722
1466
1978
1146
1658
1402
1914
1274
1786
1530
2042
1030
1542
1286
1798
1158
1670
1414
1926
1094
1606
1350
1862
1222
1734
1478
1990
1062
1574
1318
1830
1190
1702
1446
1958
1126
1638
1382
1894
1254
1766
1510
2022
1046
1558
1302
1814
1174
1686
1430
1942
1110
1622
1366
1878
1238
1750
1494
2006
1078
1590
1334
1846
1206
1718
1462
1974
1142
1654
1398
1910
1270
1782
1526
2038
1038
1550
1294
1806
1166
1678
1422
1934
1102
1614
1358
1870
1230
1742
1486
1998
1070
1582
1326
1838
1198
1710
1454
1966
1134
1646
1390
1902
1262
1774
1518
2030
1054
1566
1310
1822
1182
1694
1438
1950
1118
1630
1374
1886
1246
1758
1502
2014
1086
1598
1342
1854
1214
1726
1470
1982
1150
1662
1406
1918
1278
1790
1534
2046
1025
1537
1281
1793
1153
1665
1409
1921
1089
1601
1345
1857
1217
1729
1473
1985
1057
1569
1313
1825
1185
1697
1441
1953
1121
1633
1377
1889
1249
1761
1505
2017
1041
1553
1297
1809
1169
1681
1425
1937
1105
1617
1361
1873
1233
1745
1489
2001
1073
1585
1329
1841
1201
1713
1457
1969
1137
1649
1393
1905
1265
1777
1521
2033
1033
1545
1289
1801
1161
1673
1417
1929
1097
1609
1353
1865
1225
1737
1481
1993
1065
1577
1321
1833
1193
1705
1449
1961
1129
1641
1385
1897
1257
1769
1513
2025
1049
1561
1305
1817
1177
1689
1433
1945
1113
1625
1369
1881
1241
1753
1497
2009
1081
1593
1337
1849
1209
1721
1465
1977
1145
1657
1401
1913
1273
1785
1529
2041
1029
1541
1285
1797
1157
1669
1413
1925
1093
1605
1349
1861
1221
1733
1477
1989
1061
1573
1317
1829
1189
1701
1445
1957
1125
1637
1381
1893
1253
1765
1509
2021
1045
1557
1301
1813
1173
1685
1429
1941
1109
1621
1365
1877
1237
1749
1493
2005
1077
1589
1333
1845
1205
1717
1461
1973
1141
1653
1397
1909
1269
1781
1525
2037
1037
1549
1293
1805
1165
1677
1421
1933
1101
1613
1357
1869
1229
1741
1485
1997
1069
1581
1325
1837
1197
1709
1453
1965
1133
1645
1389
1901
1261
1773
1517
2029
1053
1565
1309
1821
1181
1693
1437
1949
1117
1629
1373
1885
1245
1757
1501
2013
1085
1597
1341
1853
1213
1725
1469
1981
1149
1661
1405
1917
1277
1789
1533
2045
1027
1539
1283
1795
1155
1667
1411
1923
1091
1603
1347
1859
1219
1731
1475
1987
1059
1571
1315
1827
1187
1699
1443
1955
1123
1635
1379
1891
1251
1763
1507
2019
1043
1555
1299
1811
1171
1683
1427
1939
1107
1619
1363
1875
1235
1747
1491
2003
1075
1587
1331
1843
1203
1715
1459
1971
1139
1651
1395
1907
1267
1779
1523
2035
1035
1547
1291
1803
1163
1675
1419
1931
1099
1611
1355
1867
1227
1739
1483
1995
1067
1579
1323
1835
1195
1707
1451
1963
1131
1643
1387
1899
1259
1771
1515
2027
1051
1563
1307
1819
1179
1691
1435
1947
1115
1627
1371
1883
1243
1755
1499
2011
1083
1595
1339
1851
1211
1723
1467
1979
1147
1659
1403
1915
1275
1787
1531
2043
1031
1543
1287
1799
1159
1671
1415
1927
1095
1607
1351
1863
1223
1735
1479
1991
1063
1575
1319
1831
1191
1703
1447
1959
1127
1639
1383
1895
1255
1767
1511
2023
1047
1559
1303
1815
1175
1687
1431
1943
1111
1623
1367
1879
1239
1751
1495
2007
1079
1591
1335
1847
1207
1719
1463
1975
1143
1655
1399
1911
1271
1783
1527
2039
1039
1551
1295
1807
1167
1679
1423
1935
1103
1615
1359
1871
1231
1743
1487
1999
1071
1583
1327
1839
1199
1711
1455
1967
1135
1647
1391
1903
1263
1775
1519
2031
1055
1567
1311
1823
1183
1695
1439
1951
1119
1631
1375
1887
1247
1759
1503
2015
1087
1599
1343
1855
1215
1727
1471
1983
1151
1663
1407
1919
1279
1791
1535
2047

time: 0.0s
